19 0
17 1
19 1
18 2
19 2
26 7
27 8
25 9
26 9
27 9
33 11
35 11
53 11
54 11
31 12
35 12
55 12
2 13
3 13
23 13
31 13
51 13
52 13
54 13
1 14
22 14
23 14
24 14
25 14
30 14
35 14
44 14
45 14
51 14
53 14
2 15
4 15
5 15
21 15
22 15
24 15
26 15
31 15
44 15
45 15
3 16
5 16
10 16
11 16
20 16
21 16
22 16
24 16
27 16
31 16
35 16
51 16
53 16
10 17
11 17
21 17
22 17
24 17
26 17
33 17
35 17
51 17
52 17
54 17
3 18
5 18
22 18
23 18
24 18
25 18
55 18
2 19
4 19
5 19
23 19
43 19
53 19
54 19
1 20
41 20
43 20
2 21
3 21
42 21
44 21
42 22
29 23
27 24
29 24
28 25
30 25
28 26
